2.6172504656604803
1.3152946437965907
0.0
0.0
0.0
1.2369316876852983
2.08806130178211
1.6492422502470645
0.806225774829855 
1.3341664064126335
1.2369316876852983
0.6082762530298219
1.5811388300841898
0.5099019513592785
0.8246211251235323
1.118033988749895
1.140175425099138
0.9219544457292888
1.044030650891055 
0.8246211251235323
0.6082762530298219
0.6082762530298219
0.8246211251235323
0.6082762530298219
1.044030650891055
0.6082762530298219
0.31622776601683794
0.6082762530298219
0.4123105625617661 
0.0
0.31622776601683794
0.223606797749979
0.31622776601683794
0.31622776601683794
0.4123105625617661
0.31622776601683794
0.223606797749979
